<?xml version="1.0" encoding="UTF-8" standalone="no"?>
<!-- Created with Inkscape (http://www.inkscape.org/) -->

<svg
   width="872"
   height="872"
   viewBox="0 0 230.71666 230.71667"
   version="1.1"
   id="svg2664"
   inkscape:version="1.2.1 (0f2f062aeb, 2022-09-21, custom)"
   xmlns:inkscape="http://www.inkscape.org/namespaces/inkscape"
   xmlns:sodipodi="http://sodipodi.sourceforge.net/DTD/sodipodi-0.dtd"
   xmlns="http://www.w3.org/2000/svg"
   xmlns:svg="http://www.w3.org/2000/svg">
  <sodipodi:namedview
     id="namedview2666"
     pagecolor="#ffffff"
     bordercolor="#000000"
     borderopacity="0.25"
     inkscape:showpageshadow="2"
     inkscape:pageopacity="0.0"
     inkscape:pagecheckerboard="0"
     inkscape:deskcolor="#d1d1d1"
     inkscape:document-units="mm"
     showgrid="false"
     inkscape:zoom="0.4792789"
     inkscape:cx="485.10377"
     inkscape:cy="395.38565"
     inkscape:window-width="1296"
     inkscape:window-height="704"
     inkscape:window-x="72"
     inkscape:window-y="27"
     inkscape:window-maximized="1"
     inkscape:current-layer="layer1" />
  <defs
     id="defs2661" />
  <g
     inkscape:label="Слой 1"
     inkscape:groupmode="layer"
     id="layer1">
    <g
       data-element="icon"
       transform="matrix(0.25905357,0,0,0.25905357,-13.383003,-35.693618)"
       id="g158-5">
      <g
         id="g2436-6">
        <g
           id="g2440-2"
           transform="matrix(1.4384855,0,0,1.4384855,-2.7690371,0)">
          <path
             id="color_x5F_2-9"
             fill="rgba(255, 255, 255, 1.0)"
             d="m 73.580344,449.12902 c 37.942996,19.609 76.819996,32.356 78.817996,32.999 l 16.046,5.213 -8.281,-14.706 c -21.755,-38.597 -46.503,-213.667 56.557,-319.879 -21.828,36.98 -36.109,78.177 -41.871,121.344 -6.144,45.954 -2.239,93.452 11.299,137.323 9.803,31.923 24.478,62.019 43.61,89.442 l 1.078,2.094 0.477,0.156 c 0.746,1.076 1.502,2.135 2.258,3.13 l 3.399,4.559 c 20.231,25.9 47.47,44.96 78.769,55.128 2.933,0.954 5.888,1.823 8.85,2.612 -3.915,0.082 -7.824,0.104 -11.743,0.029 -44.14,-0.672 -88.635,-11.203 -128.668,-30.438 -43.532,-20.799 -81.319,-51.28 -110.597996,-89.006 z m 3.628,-23.516 c 17.847,5.794 37.020996,-3.969 42.813996,-21.816 5.805,-17.848 -3.958,-37.021 -21.804996,-42.825 -17.857,-5.803 -37.02,3.97 -42.823,21.817 -5.806,17.856 3.967,37.02 21.814,42.824 z m 423.984996,84.157 c 1.275,-3.7 2.479,-7.431 3.606,-11.184 -1.667,2.58 -3.4,5.12 -5.224,7.619 -19.34,26.624 -45.892,46.638 -76.777,57.873 l -5.378,1.824 c -1.18,0.405 -2.416,0.809 -3.659,1.182 l -0.313,0.424 -2.351,0.373 c -31.973,9.701 -65.254,14.323 -98.513,13.825 -45.911,-0.683 -92.28,-11.639 -134.099,-31.692 -39.281,-18.822 -74.052,-45.147 -102.480996,-77.337 60.827996,115.165 203.273996,153.907 270.619996,153.907 v 0 c 6.508,0 12.084,-0.435 16.147,-1.245 l 16.539,-3.336 -9.905,13.649 c -1.245,1.699 -25.362,34.729 -55.741,64.764 44.929,-16.198 85.587,-42.709 118.826,-77.689 30.668,-32.129 54.422,-71.179 68.703,-112.957 z m -208.775,179.93 c 11.029,-15.193 7.66,-36.439 -7.525,-47.467 -15.181,-11.037 -36.437,-7.67 -47.467,7.514 -11.025,15.185 -7.669,36.431 7.525,47.468 15.175,11.037 36.431,7.659 47.467,-7.515 z m 334.419,-139.967 c -1.522,-47.736 -14.169,-94.593 -37.154,-137.023 -21.082,-39.093 -50.888,-73.751 -86.208,-100.242 -3.13,-2.362 -6.312,-4.653 -9.527,-6.883 1.94,2.385 3.816,4.819 5.628,7.318 19.35,26.626 30.182,58.06 31.322,90.893 l 0.062,5.69 c 0.029,1.274 0.029,2.602 0,3.948 l 0.31,0.436 -0.372,2.26 c -0.655,33.413 -6.47,66.361 -17.289,97.939 -14.842,43.467 -39.59,84.178 -71.586,117.748 -30.024,31.528 -65.781,56.452 -105.163,73.534 145.874,-25.476 228.765,-182.409 233.752,-225.524 l 1.927,-16.769 9.918,13.651 c 1.236,1.709 25.198,34.854 44.38,73.024 z m -64.226,9.38 c -15.194,11.028 -18.551,32.284 -7.525,47.467 11.029,15.184 32.285,18.552 47.466,7.525 15.184,-11.038 18.554,-32.295 7.525,-47.468 -11.035,-15.193 -32.291,-18.551 -47.466,-7.524 z m -66.174,-321.91 -15.349,-7.027 16.052,-5.222 c 2.003,-0.642 40.951,-13.194 83.184,-19.63 -27.755,-8.063 -56.454,-12.147 -85.65,-12.147 -18.791,0 -37.683,1.743 -56.162,5.141 -43.696,7.98 -85.879,25.62 -121.988,51.012 -3.212,2.259 -6.371,4.56 -9.491,6.933 2.86,-1.11 5.763,-2.145 8.705,-3.098 31.184,-10.137 64.722,-10.696 96.127,-1.7 l 5.421,1.7 c 1.555,0.455 3.149,0.994 4.747,1.574 h 0.602 l 1.035,0.58 c 31.549,10.924 61.066,26.636 87.721,46.669 36.753,27.539 67.825,63.667 89.867,104.472 20.72,38.295 33.374,80.031 37.447,122.772 20.957,-146.516 -101.972,-273.602 -142.268,-292.029 z m 94.758,-10.715 c -17.847,5.804 -27.62,24.978 -21.825,42.825 5.802,17.846 24.977,27.609 42.821,21.815 17.847,-5.792 27.62,-24.966 21.828,-42.823 -5.802,-17.848 -24.977,-27.621 -42.824,-21.817 z"
             style="fill:#ffd652;fill-opacity:1" />
          <path
             id="color_x5F_1-1"
             fill="rgba(47, 192, 205, 1.0)"
             d="m 450.92934,162.55102 c 41.526,0 79.555,8.435 113.569,25.144 -41.655,-9.277 -85.794,-10.127 -128.359,-2.323 -45.612,8.365 -89.578,26.75 -127.126,53.178 -27.361,19.215 -51.458,42.493 -71.649,69.202 l -1.575,1.69 v 0.373 c -0.799,1.057 -1.574,2.114 -2.301,3.151 l -3.274,4.643 c -18.387,27.236 -28.097,59.033 -28.097,91.939 0,3.089 0.092,6.166 0.26,9.234 -1.285,-3.69 -2.508,-7.421 -3.668,-11.172 -12.998,-42.193 -16.73,-87.753 -10.812,-131.77 6.335,-47.841 23.643,-93.173 50.474,-132.682 -6.924,42.141 -7.016,83.038 -7.016,85.152 v 16.874 l 11.421,-12.428 c 18.362,-19.97 107.247,-70.205 208.153,-70.205 z m -189.064,-23.215 c 0,18.769 15.214,33.983 33.985,33.983 18.768,0 33.985,-15.214 33.985,-33.983 0,-18.77 -15.217,-33.985 -33.985,-33.985 -18.771,0 -33.985,15.215 -33.985,33.985 z"
             style="fill:#007bfb;fill-opacity:1" />
        </g>
      </g>
    </g>
  </g>
</svg>
